name: birds
channels:
  - conda-forge
  - defaults
dependencies:
  - atomicwrites=1.3.0=py37_1
  - attrs=19.1.0=py37_1
  - audioread=2.1.6=py37_0
  - blas=1.0=mkl
  - bzip2=1.0.8=h01d97ff_0
  - ca-certificates=2019.6.16=hecc5488_0
  - certifi=2019.6.16=py37_1
  - cffi=1.12.3=py37hccf1714_0
  - cloudpickle=1.2.1=py_0
  - cycler=0.10.0=py37_0
  - cytoolz=0.10.0=py37h1de35cc_0
  - dask-core=2.3.0=py_0
  - decorator=4.4.0=py37_1
  - ffmpeg=4.2=h5c2b479_0
  - freetype=2.9.1=hb4e5f40_0
  - gettext=0.19.8.1=h46ab8bc_1002
  - gmp=6.1.2=h0a44026_1000
  - gnutls=3.6.5=h53004b3_1002
  - imageio=2.5.0=py37_0
  - importlib_metadata=0.19=py37_0
  - intel-openmp=2019.4=233
  - joblib=0.13.2=py_0
  - jpeg=9b=he5867d9_2
  - kiwisolver=1.1.0=py37h0a44026_0
  - lame=3.100=h1de35cc_1001
  - libcxx=4.0.1=hcfea43d_1
  - libcxxabi=4.0.1=hcfea43d_1
  - libedit=3.1.20181209=hb402a30_0
  - libffi=3.2.1=h475c297_4
  - libflac=1.3.1=h0a44026_1002
  - libgfortran=3.0.1=h93005f0_2
  - libiconv=1.15=h01d97ff_1005
  - libogg=1.3.2=h1de35cc_1001
  - libpng=1.6.37=ha441bb4_0
  - librosa=0.7.0=py_0
  - libsndfile=1.0.28=h0a44026_1000
  - libtiff=4.0.10=hcb84e12_2
  - libvorbis=1.3.5=h1de35cc_1001
  - llvm-openmp=8.0.1=h770b8ee_0
  - llvmlite=0.29.0=py37h3fea490_1
  - matplotlib=3.1.1=py37h54f8f79_0
  - mkl=2019.4=233
  - mkl-service=2.0.2=py37h1de35cc_0
  - mkl_fft=1.0.14=py37h5e564d8_0
  - mkl_random=1.0.2=py37h27c97d8_0
  - more-itertools=7.2.0=py37_0
  - ncurses=6.1=h0a44026_1
  - nettle=3.4.1=h3efe00b_1002
  - networkx=2.3=py_0
  - numba=0.45.1=py37h86efe34_0
  - numpy=1.16.4=py37hacdab7b_0
  - numpy-base=1.16.4=py37h6575580_0
  - olefile=0.46=py37_0
  - openh264=1.8.0=hd9629dc_1000
  - openssl=1.1.1c=h01d97ff_0
  - packaging=19.1=py37_0
  - pillow=6.1.0=py37hb68e598_0
  - pip=19.2.2=py37_0
  - pluggy=0.12.0=py_0
  - py=1.8.0=py37_0
  - pycparser=2.19=py37_1
  - pyparsing=2.4.2=py_0
  - pysoundfile=0.10.2=py_1001
  - pytest=5.0.1=py37_0
  - python=3.7.4=h359304d_1
  - python-dateutil=2.8.0=py37_0
  - pytz=2019.2=py_0
  - pywavelets=1.0.3=py37h1d22016_1
  - readline=7.0=h1de35cc_5
  - resampy=0.2.2=py_0
  - scikit-image=0.15.0=py37h0a44026_0
  - scikit-learn=0.21.2=py37h27c97d8_0
  - scipy=1.3.1=py37h1410ff5_0
  - setuptools=41.0.1=py37_0
  - six=1.12.0=py37_0
  - sqlite=3.29.0=ha441bb4_0
  - tk=8.6.8=ha441bb4_0
  - toolz=0.10.0=py_0
  - tornado=6.0.3=py37h1de35cc_0
  - wcwidth=0.1.7=py37_0
  - wheel=0.33.4=py37_0
  - x264=1!152.20180806=h1de35cc_0
  - xz=5.2.4=h1de35cc_4
  - zipp=0.5.2=py_0
  - zlib=1.2.11=h1de35cc_3
  - zstd=1.3.7=h5bba6e5_0
prefix: /Users/ter38/.conda/envs/birds

